175.9 12.4 304.8 17.6 303.1 60.6 174.2 55.4 v0 0
179.4 54.1 297.3 60.0 294.6 113.9 176.7 108.0 v1 0
181.0 114.0 283.0 114.0 283.0 165.0 181.0 165.0 v2 0
184.3 169.5 276.3 170.5 275.7 226.5 183.7 225.5 v3 0
184.0 229.4 273.9 234.8 270.0 299.6 180.1 294.2 v4 0
177.5 294.5 266.2 301.6 261.5 359.5 172.8 352.4 v5 0
171.0 362.0 268.0 362.0 268.0 413.0 171.0 413.0 v6 0
166.0 419.0 271.0 419.0 271.0 473.0 166.0 473.0 v7 0
164.0 480.0 270.0 480.0 270.0 537.0 164.0 537.0 v8 0
162.0 544.0 273.0 544.0 273.0 603.0 162.0 603.0 v9 0
159.0 610.0 280.0 610.0 280.0 677.0 159.0 677.0 v10 0
158.0 686.8 278.0 683.2 280.0 749.2 160.0 752.8 v11 0
155.0 764.8 279.8 757.3 284.0 827.2 159.2 834.7 v12 0
162.0 844.9 290.5 833.4 297.0 906.1 168.5 917.6 v13 0
177.3 923.2 303.9 913.0 309.7 984.8 183.1 995.0 v14 0
180.0 1009.8 321.6 998.5 328.0 1078.2 186.4 1089.5 v15 0
178.6 1105.3 335.6 1079.9 350.4 1171.7 193.4 1197.1 v16 0
