175.0 17.0 265.0 17.0 265.0 73.0 175.0 73.0 v0 0
182.5 79.8 259.5 78.2 260.5 129.2 183.5 130.8 v1 0
185.4 139.2 258.3 134.9 261.6 189.8 188.7 194.1 v2 0
186.1 199.8 266.4 183.5 279.9 250.2 199.6 266.5 v3 0
196.0 259.6 278.4 243.7 292.0 314.4 209.6 330.3 v4 0
205.2 326.8 294.0 306.9 309.8 377.2 221.0 397.1 v5 0
214.5 394.3 312.4 372.4 327.5 439.7 229.6 461.6 v6 0
228.3 457.0 319.0 436.7 334.7 507.0 244.0 527.3 v7 0
246.7 522.9 333.2 506.3 345.3 569.1 258.8 585.7 v8 0
258.1 591.8 349.6 575.2 360.9 637.2 269.4 653.8 v9 0
263.7 659.8 369.4 652.4 374.3 722.2 268.6 729.6 v10 0
266.4 730.7 379.2 737.5 374.6 813.3 261.8 806.5 v11 0
261.9 799.5 380.2 819.8 364.1 913.5 245.8 893.2 v12 0
239.4 880.9 363.6 927.7 334.2 1005.8 210.0 959.0 v13 0
205.2 955.8 325.2 1013.7 284.0 1099.0 164.0 1041.1 v14 0
148.7 1044.0 283.5 1105.8 243.5 1193.0 108.7 1131.1 v15 0
