194.0 23.0 316.0 23.0 316.0 79.0 194.0 79.0 v0 0
204.0 81.0 309.0 81.0 309.0 138.0 204.0 138.0 v1 0
208.4 137.9 300.4 136.1 301.6 198.1 209.6 199.9 v2 0
211.0 202.0 303.0 202.0 303.0 264.0 211.0 264.0 v3 0
209.5 267.8 300.4 272.3 297.5 330.2 206.6 325.7 v4 0
205.0 333.0 296.0 333.0 296.0 388.0 205.0 388.0 v5 0
202.9 392.6 299.8 395.5 298.1 452.4 201.2 449.5 v6 0
197.6 453.5 299.5 458.6 296.4 519.5 194.5 514.4 v7 0
189.9 520.5 293.9 523.6 292.1 584.5 188.1 581.4 v8 0
180.0 584.2 298.0 587.8 296.0 655.8 178.0 652.2 v9 0
164.0 659.0 296.0 659.0 296.0 728.0 164.0 728.0 v10 0
156.0 740.0 296.0 740.0 296.0 808.0 156.0 808.0 v11 0
159.0 824.1 295.9 820.0 298.0 891.9 161.1 896.0 v12 0
170.9 910.1 305.7 902.0 310.1 975.9 175.3 984.0 v13 0
174.1 997.6 315.9 979.1 326.9 1063.4 185.1 1081.9 v14 0
176.9 1097.5 335.1 1073.6 349.1 1166.5 190.9 1190.4 v15 0
