0 0.32080000000000003 0.020833333333333332 0.5334 0.011083333333333334 0.5452 0.05583333333333333 0.3326 0.06558333333333334 
0 0.3332 0.06308333333333334 0.5384 0.05541666666666667 0.5488 0.10275 0.3436 0.11041666666666666 
0 0.3588 0.10941666666666668 0.544 0.10241666666666667 0.5552 0.15391666666666665 0.37 0.16091666666666665 
0 0.3752 0.15983333333333336 0.5586 0.15366666666666667 0.5688 0.2068333333333333 0.38539999999999996 0.213 
0 0.394 0.2125 0.572 0.2125 0.572 0.26 0.394 0.26 
0 0.394 0.2658333333333333 0.586 0.2658333333333333 0.586 0.31416666666666665 0.394 0.31416666666666665 
0 0.3984 0.32158333333333333 0.59 0.3168333333333333 0.5976 0.36925 0.406 0.374 
0 0.4012 0.37883333333333336 0.603 0.3745833333333333 0.6088 0.42366666666666664 0.407 0.42791666666666667 
0 0.416 0.43416666666666665 0.62 0.43416666666666665 0.62 0.48333333333333334 0.416 0.48333333333333334 
0 0.42 0.49083333333333334 0.636 0.49083333333333334 0.636 0.5416666666666666 0.42 0.5416666666666666 
0 0.412 0.5491666666666667 0.646 0.5491666666666667 0.646 0.6033333333333334 0.412 0.6033333333333334 
0 0.41 0.6116666666666667 0.646 0.6116666666666667 0.646 0.6658333333333334 0.41 0.6658333333333334 
0 0.4052 0.6819999999999999 0.6472 0.678 0.6527999999999999 0.7363333333333334 0.4108 0.7403333333333333 
0 0.4018 0.75325 0.6556000000000001 0.7500833333333333 0.6602 0.81425 0.4064 0.8174166666666667 
0 0.392 0.83 0.67 0.83 0.67 0.8966666666666666 0.392 0.8966666666666666 
0 0.384 0.9125 0.676 0.9125 0.676 0.9841666666666666 0.384 0.9841666666666666 
