231.0 17.0 318.0 17.0 318.0 67.0 231.0 67.0 v0 0
231.0 69.0 311.0 69.0 311.0 118.0 231.0 118.0 v1 0
233.3 121.6 307.3 122.4 306.7 177.4 232.7 176.6 v2 0
232.3 179.6 304.3 180.4 303.7 237.4 231.7 236.6 v3 0
224.3 238.5 302.2 241.6 299.7 302.5 221.8 299.4 v4 0
220.0 303.0 300.0 303.0 300.0 362.0 220.0 362.0 v5 0
218.5 368.1 299.4 364.0 302.5 426.9 221.6 431.0 v6 0
222.1 433.3 307.0 430.7 308.9 493.7 224.0 496.3 v7 0
224.0 496.0 313.0 496.0 313.0 562.0 224.0 562.0 v8 0
222.0 565.0 321.0 565.0 321.0 637.0 222.0 637.0 v9 0
222.0 642.0 327.0 642.0 327.0 716.0 222.0 716.0 v10 0
220.0 721.0 336.0 721.0 336.0 801.0 220.0 801.0 v11 0
220.7 804.7 336.6 809.4 333.3 892.3 217.4 887.6 v12 0
213.2 883.5 339.9 901.4 326.8 994.5 200.1 976.6 v13 0
196.3 975.2 325.7 996.0 310.7 1088.8 181.3 1068.0 v14 0
173.7 1071.8 311.4 1091.2 297.3 1191.2 159.6 1171.8 v15 0
