0 0.49939999999999996 0.016333333333333335 0.6894 0.018666666666666665 0.6866 0.05616666666666667 0.49660000000000004 0.05383333333333333 
0 0.485 0.0575 0.677 0.059166666666666666 0.675 0.0975 0.483 0.09583333333333334 
0 0.48 0.09833333333333333 0.662 0.09833333333333333 0.662 0.13833333333333334 0.48 0.13833333333333334 
0 0.476 0.1425 0.652 0.1425 0.652 0.19666666666666666 0.476 0.19666666666666666 
0 0.468 0.195 0.646 0.195 0.646 0.2525 0.468 0.2525 
0 0.458 0.25333333333333335 0.644 0.25333333333333335 0.644 0.30083333333333334 0.458 0.30083333333333334 
0 0.4532 0.30591666666666667 0.639 0.30741666666666667 0.6367999999999999 0.35325 0.451 0.35175 
0 0.446 0.3575 0.646 0.3575 0.646 0.4041666666666667 0.446 0.4041666666666667 
0 0.4486 0.41208333333333336 0.6466000000000001 0.41291666666666665 0.6454 0.46125 0.44739999999999996 0.46041666666666664 
0 0.429 0.46516666666666673 0.6504 0.4716666666666667 0.641 0.5281666666666667 0.41960000000000003 0.5216666666666666 
0 0.4072 0.5218333333333334 0.6552 0.5353333333333333 0.6347999999999999 0.6006666666666667 0.38680000000000003 0.5871666666666667 
0 0.37960000000000005 0.57925 0.6382000000000001 0.5966666666666667 0.6103999999999999 0.66825 0.3518 0.6508333333333334 
0 0.3458 0.6520833333333333 0.6058 0.6651666666666667 0.5842 0.7395833333333334 0.3242 0.7264999999999999 
0 0.314 0.74 0.586 0.74 0.586 0.8058333333333333 0.314 0.8058333333333333 
0 0.30519999999999997 0.8249166666666666 0.5903999999999999 0.8153333333333334 0.6048 0.8900833333333332 0.3196 0.8996666666666666 
0 0.32380000000000003 0.9154999999999999 0.612 0.8911666666666668 0.6502 0.9695 0.362 0.9938333333333332 
