0 0.4014 0.015416666666666667 0.5973999999999999 0.014583333333333334 0.5986 0.06125 0.4026 0.06208333333333333 
0 0.4128 0.06325 0.5908 0.06174999999999999 0.5932000000000001 0.11008333333333332 0.4152 0.11158333333333334 
0 0.42119999999999996 0.11391666666666665 0.5872 0.11116666666666668 0.5928 0.1694166666666667 0.4268 0.17216666666666666 
0 0.424 0.17666666666666667 0.6 0.17666666666666667 0.6 0.2225 0.424 0.2225 
0 0.424 0.22916666666666666 0.608 0.22916666666666666 0.608 0.2733333333333333 0.424 0.2733333333333333 
0 0.412 0.2825 0.612 0.2825 0.612 0.32916666666666666 0.412 0.32916666666666666 
0 0.4128 0.335 0.6068 0.3333333333333333 0.6092000000000001 0.3825 0.4152 0.38416666666666666 
0 0.406 0.39 0.608 0.39 0.608 0.44 0.406 0.44 
0 0.398 0.44666666666666666 0.612 0.44666666666666666 0.612 0.49833333333333335 0.398 0.49833333333333335 
0 0.3902 0.501 0.6282000000000001 0.504 0.6237999999999999 0.564 0.38580000000000003 0.561 
0 0.382 0.5658333333333333 0.63 0.5658333333333333 0.63 0.6191666666666666 0.382 0.6191666666666666 
0 0.37 0.63 0.636 0.63 0.636 0.6875 0.37 0.6875 
0 0.366 0.6933333333333334 0.64 0.6933333333333334 0.64 0.7491666666666666 0.366 0.7491666666666666 
0 0.354 0.755 0.65 0.755 0.65 0.8166666666666667 0.354 0.8166666666666667 
0 0.354 0.8283333333333334 0.658 0.8283333333333334 0.658 0.8983333333333333 0.354 0.8983333333333333 
0 0.342 0.9116666666666666 0.658 0.9116666666666666 0.658 0.9858333333333333 0.342 0.9858333333333333 
