226.0 35.0 340.0 35.0 340.0 78.0 226.0 78.0 v0 0
238.0 83.0 328.0 83.0 328.0 131.0 238.0 131.0 v1 0
238.0 132.0 325.0 132.0 325.0 191.0 238.0 191.0 v2 0
237.0 195.0 321.0 195.0 321.0 257.0 237.0 257.0 v3 0
235.0 262.0 321.0 262.0 321.0 320.0 235.0 320.0 v4 0
234.0 324.0 321.0 324.0 321.0 379.0 234.0 379.0 v5 0
230.0 381.0 321.0 381.0 321.0 441.0 230.0 441.0 v6 0
223.0 447.0 318.0 447.0 318.0 506.0 223.0 506.0 v7 0
220.3 510.5 321.3 511.5 320.7 573.5 219.7 572.5 v8 0
219.0 579.0 325.0 579.0 325.0 642.0 219.0 642.0 v9 0
215.0 650.0 332.0 650.0 332.0 717.0 215.0 717.0 v10 0
216.0 722.0 335.0 722.0 335.0 798.0 216.0 798.0 v11 0
219.0 800.0 329.0 800.0 329.0 880.0 219.0 880.0 v12 0
207.8 881.7 326.7 886.4 323.2 974.3 204.3 969.6 v13 0
193.7 972.2 327.7 988.4 317.3 1074.8 183.3 1058.6 v14 0
172.1 1056.2 318.2 1085.8 298.9 1180.8 152.8 1151.2 v15 0
