0 0.44939999999999997 0.022 0.6634 0.024666666666666667 0.6606000000000001 0.063 0.4466 0.060333333333333336 
0 0.4596 0.05875 0.6312000000000001 0.063 0.6244 0.10958333333333334 0.45280000000000004 0.10533333333333333 
0 0.443 0.10325000000000001 0.6167999999999999 0.10683333333333332 0.611 0.15425 0.4372 0.15066666666666667 
0 0.4412 0.15433333333333332 0.6052000000000001 0.15566666666666668 0.6028 0.20483333333333334 0.4388 0.2035 
0 0.434 0.20641666666666666 0.5936 0.21041666666666667 0.586 0.26275 0.4264 0.25875 
0 0.42260000000000003 0.2628333333333333 0.5844 0.2655 0.5794 0.31633333333333336 0.4176 0.31366666666666665 
0 0.4112 0.3165 0.587 0.32016666666666665 0.5808 0.371 0.405 0.36733333333333335 
0 0.4066 0.36991666666666667 0.5862 0.37516666666666665 0.5774 0.42675 0.3978 0.4215 
0 0.394 0.42833333333333334 0.59 0.42833333333333334 0.59 0.4825 0.394 0.4825 
0 0.386 0.4866666666666667 0.59 0.4866666666666667 0.59 0.54 0.386 0.54 
0 0.368 0.5475 0.592 0.5475 0.592 0.605 0.368 0.605 
0 0.362 0.6125 0.596 0.6125 0.596 0.675 0.362 0.675 
0 0.368 0.6808333333333333 0.588 0.6808333333333333 0.588 0.7491666666666666 0.368 0.7491666666666666 
0 0.366 0.7575 0.602 0.7575 0.602 0.8141666666666667 0.366 0.8141666666666667 
0 0.3496 0.8214166666666667 0.6156 0.8235833333333333 0.6123999999999999 0.8919166666666666 0.3464 0.88975 
0 0.3418 0.8949166666666667 0.6234 0.9019166666666666 0.6122000000000001 0.9800833333333333 0.3306 0.9730833333333334 
