0 0.446 0.021666666666666667 0.65 0.021666666666666667 0.65 0.065 0.446 0.065 
0 0.46 0.06833333333333333 0.632 0.06833333333333333 0.632 0.11083333333333334 0.46 0.11083333333333334 
0 0.462 0.1125 0.622 0.1125 0.622 0.1575 0.462 0.1575 
0 0.468 0.16333333333333333 0.62 0.16333333333333333 0.62 0.2075 0.468 0.2075 
0 0.468 0.2125 0.626 0.2125 0.626 0.25833333333333336 0.468 0.25833333333333336 
0 0.466 0.2633333333333333 0.626 0.2633333333333333 0.626 0.30916666666666665 0.466 0.30916666666666665 
0 0.464 0.31666666666666665 0.636 0.31666666666666665 0.636 0.36333333333333334 0.464 0.36333333333333334 
0 0.4626 0.368 0.6426000000000001 0.36875 0.6414 0.417 0.4614 0.41625 
0 0.456 0.4216666666666667 0.64 0.4216666666666667 0.64 0.4725 0.456 0.4725 
0 0.452 0.47833333333333333 0.648 0.47833333333333333 0.648 0.5316666666666666 0.452 0.5316666666666666 
0 0.438 0.5408333333333334 0.656 0.5408333333333334 0.656 0.5958333333333333 0.438 0.5958333333333333 
0 0.424 0.6025 0.6636 0.6075 0.656 0.6708333333333333 0.4164 0.6658333333333334 
0 0.406 0.6726666666666667 0.6337999999999999 0.6774166666666667 0.626 0.7431666666666666 0.3982 0.7384166666666667 
0 0.3822 0.743 0.6312000000000001 0.7523333333333333 0.6157999999999999 0.8236666666666667 0.3668 0.8143333333333334 
0 0.3506 0.8190833333333333 0.619 0.8314166666666667 0.5993999999999999 0.9059166666666666 0.331 0.8935833333333333 
0 0.3504 0.90125 0.6033999999999999 0.9107500000000001 0.5876 0.9829166666666667 0.3346 0.9734166666666666 
