0 0.2864 0.018083333333333333 0.4938 0.012 0.5016 0.05858333333333333 0.29419999999999996 0.06466666666666666 
0 0.31980000000000003 0.06316666666666666 0.4938 0.06025 0.4982 0.106 0.3242 0.10891666666666666 
0 0.3272 0.1125 0.483 0.10925 0.4888 0.15833333333333333 0.333 0.16158333333333333 
0 0.32 0.16333333333333333 0.478 0.16333333333333333 0.478 0.21166666666666667 0.32 0.21166666666666667 
0 0.32080000000000003 0.21483333333333335 0.4808 0.2135 0.48319999999999996 0.2635 0.3232 0.26483333333333337 
0 0.31160000000000004 0.27133333333333337 0.485 0.2655 0.49439999999999995 0.3145 0.321 0.3203333333333333 
0 0.326 0.32466666666666666 0.5042 0.31416666666666665 0.522 0.367 0.3438 0.3775 
0 0.3442 0.37983333333333336 0.5284 0.369 0.5458 0.42016666666666663 0.36160000000000003 0.43100000000000005 
0 0.36260000000000003 0.4348333333333333 0.5444 0.42258333333333337 0.5654 0.4768333333333334 0.3836 0.4890833333333333 
0 0.3758 0.4903333333333333 0.5846 0.4815833333333333 0.5982000000000001 0.538 0.38939999999999997 0.5467500000000001 
0 0.38780000000000003 0.5509166666666667 0.6172000000000001 0.5365 0.6402 0.5999166666666667 0.4108 0.6143333333333334 
0 0.4072 0.612 0.6546000000000001 0.6048333333333333 0.6648 0.6646666666666667 0.4174 0.6718333333333334 
0 0.429 0.6829166666666666 0.6808 0.67875 0.687 0.7420833333333333 0.4352 0.74625 
0 0.43239999999999995 0.7577499999999999 0.6924 0.7555833333333334 0.6956 0.8205833333333333 0.43560000000000004 0.82275 
0 0.4308 0.82775 0.7108 0.8289166666666667 0.7092 0.89975 0.42919999999999997 0.8985833333333333 
0 0.4108 0.9098333333333333 0.7086 0.9135833333333333 0.7032 0.9868333333333333 0.4054 0.9830833333333334 
