185.0 9.0 272.0 9.0 272.0 60.0 185.0 60.0 v0 0
183.6 74.6 269.4 69.5 272.4 119.4 186.6 124.5 v1 0
190.4 130.2 271.0 122.1 276.6 177.8 196.0 185.9 v2 0
194.1 188.0 278.9 182.1 282.9 239.0 198.1 244.9 v3 0
199.4 245.8 281.4 244.2 282.6 302.2 200.6 303.8 v4 0
198.9 308.8 287.8 305.2 290.1 362.2 201.2 365.8 v5 0
202.4 372.6 288.2 367.5 291.6 423.4 205.8 428.5 v6 0
201.5 435.1 290.2 427.1 295.5 485.9 206.8 493.9 v7 0
206.7 496.7 297.4 489.5 302.3 550.3 211.6 557.5 v8 0
208.6 565.1 308.3 557.1 313.4 619.9 213.7 627.9 v9 0
211.1 635.4 321.9 628.7 325.9 696.6 215.1 703.3 v10 0
209.1 716.1 333.7 706.1 339.9 782.9 215.3 792.9 v11 0
220.0 794.0 343.0 794.0 343.0 878.0 220.0 878.0 v12 0
212.8 881.7 347.3 892.5 340.2 981.3 205.7 970.5 v13 0
198.1 971.7 341.5 993.4 326.9 1090.3 183.5 1068.6 v14 0
165.2 1071.3 324.1 1098.6 306.8 1199.7 147.9 1172.4 v15 0
