0 0.421 0.00825 0.603 0.00675 0.605 0.04758333333333333 0.423 0.04908333333333333 
0 0.43660000000000004 0.05108333333333333 0.6144 0.04891666666666667 0.6174 0.08975 0.43960000000000005 0.09191666666666666 
0 0.455 0.09733333333333333 0.609 0.096 0.611 0.13766666666666666 0.457 0.139 
0 0.4644 0.1430833333333333 0.6122000000000001 0.13875 0.6196 0.18275 0.4718 0.18708333333333332 
0 0.4674 0.18966666666666665 0.6207999999999999 0.18383333333333332 0.6306 0.22866666666666666 0.4772 0.2345 
0 0.4636 0.23650000000000002 0.6254 0.2385 0.6224 0.28099999999999997 0.4606 0.279 
0 0.454 0.285 0.628 0.285 0.628 0.32916666666666666 0.454 0.32916666666666666 
0 0.44839999999999997 0.33616666666666667 0.6284 0.33391666666666664 0.6316 0.37883333333333336 0.4516 0.38108333333333333 
0 0.4496 0.3855 0.6336 0.3878333333333333 0.6304 0.43366666666666664 0.44639999999999996 0.43133333333333335 
0 0.441 0.438 0.6346 0.44208333333333333 0.629 0.48866666666666664 0.43539999999999995 0.4845833333333333 
0 0.4228 0.4894166666666666 0.6364 0.49566666666666664 0.6272000000000001 0.5505833333333334 0.4136 0.5443333333333333 
0 0.3952 0.5481666666666666 0.6322000000000001 0.5570833333333334 0.6187999999999999 0.6185 0.38180000000000003 0.6095833333333334 
0 0.3752 0.6164166666666667 0.605 0.62025 0.5988 0.6844166666666667 0.369 0.6805833333333333 
0 0.3588 0.6853333333333333 0.5968 0.6863333333333334 0.5952000000000001 0.7538333333333334 0.35719999999999996 0.7528333333333334 
0 0.345 0.7605000000000001 0.6008 0.75625 0.607 0.8203333333333334 0.3512 0.8245833333333333 
0 0.3468 0.8360000000000001 0.6137999999999999 0.8260000000000001 0.6292000000000001 0.8973333333333333 0.36219999999999997 0.9073333333333333 
0 0.3524 0.9195833333333333 0.6366 0.9029166666666667 0.6628 0.9801666666666667 0.37860000000000005 0.9968333333333333 
