226.3 11.2 305.3 8.8 306.7 53.8 227.7 56.2 v0 0
230.3 65.2 308.3 62.8 309.7 107.8 231.7 110.2 v1 0
234.2 123.5 307.2 120.6 308.8 161.5 235.8 164.4 v2 0
234.5 168.7 308.5 167.3 309.5 216.3 235.5 217.7 v3 0
235.2 224.6 309.2 225.4 308.8 273.4 234.8 272.6 v4 0
233.5 277.3 307.5 278.7 306.5 326.7 232.5 325.3 v5 0
231.5 333.2 310.5 334.8 309.5 385.8 230.5 384.2 v6 0
229.9 388.8 310.8 391.2 309.1 447.2 228.2 444.8 v7 0
222.0 453.0 314.0 453.0 314.0 508.0 222.0 508.0 v8 0
216.5 512.5 317.4 517.6 314.5 576.5 213.6 571.4 v9 0
208.0 579.4 316.9 582.6 315.0 646.6 206.1 643.4 v10 0
204.8 651.2 318.7 656.9 315.2 726.8 201.3 721.1 v11 0
198.1 732.3 315.1 735.8 312.9 809.7 195.9 806.2 v12 0
193.0 820.0 316.0 820.0 316.0 897.0 193.0 897.0 v13 0
190.2 910.1 320.1 914.0 317.8 991.9 187.9 988.0 v14 0
186.0 1009.0 321.0 1009.0 321.0 1088.0 186.0 1088.0 v15 0
175.0 1096.0 325.0 1096.0 325.0 1190.0 175.0 1190.0 v16 0
