222.0 7.6 321.7 14.6 318.0 67.4 218.3 60.4 v0 0
223.8 63.8 307.8 66.3 306.2 119.2 222.2 116.7 v1 0
223.8 129.4 298.7 128.6 299.2 178.6 224.3 179.4 v2 0
227.2 192.9 304.7 183.5 310.8 234.1 233.3 243.5 v3 0
229.0 252.0 313.8 246.1 318.0 306.0 233.2 311.9 v4 0
230.6 318.2 316.5 313.9 319.4 370.8 233.5 375.1 v5 0
230.0 382.0 323.0 382.0 323.0 444.0 230.0 444.0 v6 0
228.4 449.0 325.4 447.0 326.6 509.0 229.6 511.0 v7 0
226.0 518.0 330.0 518.0 330.0 583.0 226.0 583.0 v8 0
223.0 588.0 328.0 588.0 328.0 653.0 223.0 653.0 v9 0
222.7 663.9 334.7 666.1 333.3 733.1 221.3 730.9 v10 0
216.5 739.6 335.4 744.4 332.5 816.4 213.6 811.6 v11 0
201.4 807.8 333.9 818.4 327.6 897.2 195.1 886.6 v12 0
187.5 885.8 321.0 896.5 314.5 977.2 181.0 966.5 v13 0
175.9 981.6 319.9 984.4 318.1 1071.4 174.1 1068.6 v14 0
167.5 1089.2 318.5 1090.8 317.5 1191.8 166.5 1190.2 v15 0
