245.5 6.2 354.1 16.0 349.5 66.8 240.9 57.0 v0 0
245.1 55.5 336.1 69.2 326.9 130.5 235.9 116.8 v1 0
232.0 113.2 325.1 132.0 313.0 191.8 219.9 173.0 v2 0
222.7 173.5 312.8 191.8 299.3 258.5 209.2 240.2 v3 0
207.8 241.3 298.3 257.8 286.2 324.7 195.7 308.2 v4 0
195.9 305.3 280.8 324.3 267.1 385.7 182.2 366.7 v5 0
178.6 368.8 270.7 381.8 262.4 441.2 170.3 428.2 v6 0
173.9 445.8 263.9 442.2 266.1 497.2 176.1 500.8 v7 0
171.1 512.9 264.2 499.7 272.9 561.1 179.8 574.3 v8 0
176.2 579.5 283.0 563.3 293.8 634.5 187.0 650.7 v9 0
186.0 653.3 294.8 646.8 299.0 715.7 190.2 722.2 v10 0
185.0 730.0 300.0 730.0 300.0 807.0 185.0 807.0 v11 0
183.0 819.0 301.0 819.0 301.0 898.0 183.0 898.0 v12 0
171.2 910.0 307.2 914.1 304.8 995.0 168.8 990.9 v13 0
159.1 1007.3 309.9 1014.8 305.9 1095.7 155.1 1088.2 v14 0
148.4 1108.2 305.4 1109.8 304.6 1188.8 147.6 1187.2 v15 0
