0 0.5046 0.006583333333333333 0.714 0.013583333333333334 0.7054 0.058416666666666665 0.496 0.051416666666666666 
0 0.5004 0.051583333333333335 0.6982 0.06575 0.6796 0.11083333333333334 0.4818 0.09666666666666666 
0 0.4952 0.09799999999999999 0.6698 0.115 0.6454 0.15833333333333333 0.4708 0.14125 
0 0.4688 0.14483333333333334 0.6357999999999999 0.16333333333333333 0.6083999999999999 0.20608333333333334 0.44160000000000005 0.18758333333333332 
0 0.4392 0.18633333333333332 0.6113999999999999 0.2085 0.5738 0.25916666666666666 0.4016 0.237 
0 0.3942 0.22875 0.5786 0.25858333333333333 0.5346000000000001 0.30583333333333335 0.3504 0.27599999999999997 
0 0.3382 0.278 0.53 0.3035833333333333 0.49360000000000004 0.351 0.3018 0.3254166666666667 
0 0.30060000000000003 0.33133333333333337 0.48519999999999996 0.3461666666666666 0.4634 0.39366666666666666 0.2788 0.37883333333333336 
0 0.2848 0.38491666666666663 0.4708 0.3834166666666667 0.4732 0.4325833333333334 0.2872 0.4340833333333333 
0 0.2854 0.44975000000000004 0.482 0.4270833333333333 0.5164 0.4789166666666667 0.31980000000000003 0.5015833333333333 
0 0.3088 0.5022500000000001 0.5296000000000001 0.47583333333333333 0.5666 0.5295 0.3458 0.5559166666666667 
0 0.354 0.56075 0.5816 0.5335000000000001 0.6214 0.5910833333333333 0.39380000000000004 0.6183333333333333 
0 0.3902 0.6211666666666666 0.6284 0.5958333333333333 0.666 0.6571666666666667 0.4278 0.6825 
0 0.4264 0.6836666666666666 0.6638 0.66875 0.6896 0.7396666666666667 0.4522 0.7545833333333334 
0 0.435 0.7615 0.7108 0.7569166666666667 0.717 0.8218333333333334 0.4412 0.8264166666666667 
0 0.423 0.8409166666666666 0.7188 0.8458333333333333 0.713 0.9074166666666668 0.4172 0.9025 
0 0.4154 0.9048333333333333 0.7213999999999999 0.9189166666666667 0.7006 0.9976666666666667 0.3946 0.9835833333333333 
