0 0.3548 0.012249999999999999 0.5604 0.00625 0.5672 0.04608333333333333 0.36160000000000003 0.052083333333333336 
0 0.3758 0.05450000000000001 0.5676 0.0505 0.5722 0.088 0.38039999999999996 0.092 
0 0.395 0.09216666666666666 0.5628 0.08791666666666667 0.569 0.13116666666666668 0.4012 0.13541666666666666 
0 0.412 0.14333333333333334 0.572 0.14333333333333334 0.572 0.1875 0.412 0.1875 
0 0.4102 0.19658333333333333 0.5696 0.2019166666666667 0.5618 0.24258333333333335 0.4024 0.23725 
0 0.394 0.24016666666666667 0.5596 0.245 0.552 0.28900000000000003 0.38639999999999997 0.2841666666666667 
0 0.38039999999999996 0.28775 0.5562 0.2906666666666667 0.5516 0.33808333333333335 0.3758 0.33516666666666667 
0 0.3712 0.3384166666666667 0.5592 0.33991666666666664 0.5568 0.38741666666666663 0.3688 0.3859166666666667 
0 0.36660000000000004 0.3929166666666667 0.5624 0.3904166666666667 0.5654 0.43291666666666667 0.36960000000000004 0.4354166666666667 
0 0.37339999999999995 0.4370833333333333 0.5774 0.43625 0.5786 0.47875 0.37460000000000004 0.4795833333333333 
0 0.381 0.48925 0.5928 0.48741666666666666 0.595 0.5324166666666666 0.3832 0.53425 
0 0.3862 0.5447500000000001 0.616 0.5419166666666666 0.6197999999999999 0.5935833333333332 0.39 0.5964166666666667 
0 0.39080000000000004 0.6008333333333333 0.6246 0.5959166666666667 0.6312000000000001 0.65 0.3974 0.6549166666666667 
0 0.4168 0.6601666666666667 0.6417999999999999 0.6516666666666666 0.6532 0.704 0.42819999999999997 0.7125 
0 0.428 0.71475 0.654 0.7119166666666666 0.658 0.7669166666666666 0.432 0.76975 
0 0.4194 0.7739999999999999 0.6554 0.776 0.6526000000000001 0.8343333333333334 0.4166 0.8323333333333333 
0 0.397 0.8386666666666667 0.65 0.84825 0.637 0.9088333333333333 0.384 0.8992499999999999 
0 0.36 0.9131666666666667 0.6304 0.9255833333333334 0.612 0.9951666666666668 0.3416 0.98275 
