179.0 12.0 273.0 12.0 273.0 58.0 179.0 58.0 v0 0
178.0 59.0 272.0 59.0 272.0 104.0 178.0 104.0 v1 0
183.3 108.3 266.3 105.8 267.7 153.7 184.7 156.2 v2 0
186.2 161.8 265.0 156.3 268.8 211.2 190.0 216.7 v3 0
188.4 223.8 270.1 216.4 275.6 277.2 193.9 284.6 v4 0
187.7 293.9 271.4 286.3 276.3 341.1 192.6 348.7 v5 0
188.5 353.1 277.1 345.1 282.5 404.9 193.9 412.9 v6 0
193.6 417.4 286.5 412.7 289.4 469.6 196.5 474.3 v7 0
191.0 481.0 293.0 481.0 293.0 536.0 191.0 536.0 v8 0
191.0 547.0 291.0 547.0 291.0 605.0 191.0 605.0 v9 0
188.0 614.0 293.0 614.0 293.0 674.0 188.0 674.0 v10 0
183.0 688.0 293.0 688.0 293.0 752.0 183.0 752.0 v11 0
179.0 765.0 291.0 765.0 291.0 834.0 179.0 834.0 v12 0
184.3 851.1 297.3 848.9 298.7 915.9 185.7 918.1 v13 0
189.0 932.8 305.0 929.3 307.0 995.2 191.0 998.7 v14 0
181.7 1018.7 316.7 1017.3 317.3 1086.3 182.3 1087.7 v15 0
180.8 1108.1 320.7 1103.9 323.2 1186.9 183.3 1191.1 v16 0
