0 0.3266 0.009583333333333333 0.5224 0.007083333333333333 0.5254 0.04958333333333333 0.3296 0.052083333333333336 
0 0.3406 0.052 0.5266000000000001 0.049666666666666665 0.5294 0.088 0.3434 0.09033333333333333 
0 0.3484 0.08958333333333333 0.5424 0.08716666666666666 0.5456 0.13208333333333333 0.3516 0.1345 
0 0.3628 0.13658333333333333 0.5367999999999999 0.13508333333333333 0.5392 0.18175 0.36519999999999997 0.18325 
0 0.3614 0.19033333333333333 0.5294 0.18966666666666665 0.5306000000000001 0.23883333333333334 0.36260000000000003 0.2395 
0 0.35960000000000003 0.24816666666666667 0.5336000000000001 0.24525 0.5384 0.29516666666666663 0.3644 0.2980833333333333 
0 0.365 0.30266666666666664 0.5462 0.29583333333333334 0.557 0.3456666666666667 0.3758 0.3525 
0 0.36819999999999997 0.35574999999999996 0.5574 0.3478333333333333 0.5698 0.39925 0.38060000000000005 0.4071666666666667 
0 0.37639999999999996 0.4091666666666667 0.5702 0.40425 0.5776 0.4558333333333333 0.38380000000000003 0.46075 
0 0.372 0.4646666666666667 0.584 0.46199999999999997 0.588 0.517 0.376 0.5196666666666667 
0 0.374 0.525 0.608 0.525 0.608 0.585 0.374 0.585 
0 0.371 0.59125 0.6207999999999999 0.5870833333333333 0.627 0.65125 0.3772 0.6554166666666666 
0 0.3692 0.6591666666666667 0.6306 0.6525833333333334 0.6407999999999999 0.7233333333333334 0.37939999999999996 0.7299166666666667 
0 0.36260000000000003 0.7349166666666667 0.6464 0.7301666666666667 0.6534 0.8025833333333333 0.36960000000000004 0.8073333333333333 
0 0.3574 0.8169166666666666 0.6652 0.8130833333333334 0.6706 0.88725 0.3628 0.8910833333333333 
0 0.344 0.9058333333333334 0.672 0.9058333333333334 0.672 0.9916666666666667 0.344 0.9916666666666667 
