0 0.368 0.01 0.588 0.01 0.588 0.05333333333333334 0.368 0.05333333333333334 
0 0.3708 0.05591666666666666 0.5808 0.05416666666666667 0.5832 0.10325000000000001 0.3732 0.105 
0 0.388 0.10583333333333333 0.576 0.10583333333333333 0.576 0.16 0.388 0.16 
0 0.39 0.16666666666666666 0.578 0.16666666666666666 0.578 0.20916666666666667 0.39 0.20916666666666667 
0 0.395 0.21666666666666667 0.5868 0.215 0.589 0.2608333333333333 0.3972 0.2625 
0 0.3984 0.26949999999999996 0.5864 0.26716666666666666 0.5896 0.31133333333333335 0.4016 0.31366666666666665 
0 0.3966 0.32008333333333333 0.6022000000000001 0.315 0.6093999999999999 0.3640833333333333 0.4038 0.36916666666666664 
0 0.4062 0.37133333333333335 0.6202000000000001 0.36866666666666664 0.6237999999999999 0.4195 0.4098 0.4221666666666667 
0 0.4094 0.42383333333333334 0.6334 0.42283333333333334 0.6346 0.477 0.4106 0.47800000000000004 
0 0.408 0.4825 0.638 0.4825 0.638 0.5416666666666666 0.408 0.5416666666666666 
0 0.3972 0.5463333333333333 0.6472 0.5453333333333333 0.6487999999999999 0.6061666666666666 0.3988 0.6071666666666666 
0 0.378 0.6125 0.654 0.6125 0.654 0.6758333333333333 0.378 0.6758333333333333 
0 0.38 0.68 0.638 0.68 0.638 0.7483333333333333 0.38 0.7483333333333333 
0 0.366 0.7533333333333333 0.636 0.7533333333333333 0.636 0.8225 0.366 0.8225 
0 0.35 0.8358333333333333 0.646 0.8358333333333333 0.646 0.9016666666666666 0.35 0.9016666666666666 
0 0.34 0.9191666666666667 0.662 0.9191666666666667 0.662 0.99 0.34 0.99 
