0 0.36019999999999996 0.007416666666666667 0.568 0.010916666666666667 0.5638 0.05591666666666666 0.356 0.05241666666666667 
0 0.3564 0.051666666666666666 0.5544 0.055 0.5496 0.105 0.3516 0.10166666666666667 
0 0.3496 0.10308333333333333 0.5256000000000001 0.10525 0.5224 0.15108333333333335 0.3464 0.14891666666666667 
0 0.342 0.155 0.51 0.155 0.51 0.21 0.342 0.21 
0 0.3456 0.21416666666666667 0.5132000000000001 0.20925 0.5224 0.2633333333333333 0.3548 0.26825 
0 0.354 0.26966666666666667 0.5292 0.26233333333333336 0.542 0.3153333333333333 0.3668 0.32266666666666666 
0 0.36160000000000003 0.32083333333333336 0.5574 0.31758333333333333 0.5624 0.36916666666666664 0.36660000000000004 0.3724166666666667 
0 0.3638 0.3755833333333333 0.5734 0.3695 0.5822 0.42191666666666666 0.37260000000000004 0.428 
0 0.37439999999999996 0.4290833333333333 0.5836 0.42116666666666663 0.5956 0.47675 0.38639999999999997 0.4846666666666667 
0 0.37939999999999996 0.4835833333333333 0.6032000000000001 0.4798333333333333 0.6086 0.5347500000000001 0.38480000000000003 0.5385000000000001 
0 0.392 0.5414166666666667 0.6197999999999999 0.5385833333333333 0.624 0.5969166666666667 0.3962 0.59975 
0 0.3926 0.6019166666666667 0.6426000000000001 0.5998333333333333 0.6454 0.6605833333333334 0.3954 0.6626666666666667 
0 0.394 0.6725 0.652 0.6725 0.652 0.7391666666666666 0.394 0.7391666666666666 
0 0.394 0.7475 0.65 0.7475 0.65 0.8083333333333333 0.394 0.8083333333333333 
0 0.382 0.82 0.652 0.82 0.652 0.8958333333333334 0.382 0.8958333333333334 
0 0.37 0.9108333333333334 0.658 0.9108333333333334 0.658 0.9916666666666667 0.37 0.9916666666666667 
