0 0.3902 0.0125 0.5856 0.006 0.5938 0.049166666666666664 0.3984 0.05566666666666666 
0 0.41 0.05308333333333334 0.5913999999999999 0.047 0.6 0.09108333333333334 0.4186 0.09716666666666667 
0 0.425 0.09633333333333333 0.5948 0.09208333333333334 0.601 0.13533333333333333 0.43119999999999997 0.13958333333333334 
0 0.43160000000000004 0.14391666666666666 0.6016 0.14108333333333334 0.6063999999999999 0.19108333333333336 0.43639999999999995 0.19391666666666665 
0 0.43939999999999996 0.19366666666666668 0.6013999999999999 0.193 0.6026 0.24050000000000002 0.44060000000000005 0.24116666666666664 
0 0.448 0.2525 0.606 0.2525 0.606 0.29833333333333334 0.448 0.29833333333333334 
0 0.4428 0.30491666666666667 0.6147999999999999 0.30341666666666667 0.6172000000000001 0.3509166666666667 0.4452 0.35241666666666666 
0 0.434 0.3591666666666667 0.618 0.3591666666666667 0.618 0.41 0.434 0.41 
0 0.436 0.41300000000000003 0.626 0.41533333333333333 0.622 0.4695 0.432 0.4671666666666667 
0 0.41960000000000003 0.47041666666666665 0.6254 0.4746666666666667 0.6184 0.5329166666666667 0.4126 0.5286666666666666 
0 0.4024 0.5335833333333333 0.6262000000000001 0.5364166666666667 0.6216 0.5989166666666667 0.3978 0.5960833333333333 
0 0.3856 0.6023333333333333 0.6216 0.6043333333333334 0.6184 0.6701666666666667 0.38239999999999996 0.6681666666666666 
0 0.372 0.6783333333333333 0.618 0.6783333333333333 0.618 0.7458333333333333 0.372 0.7458333333333333 
0 0.374 0.755 0.638 0.755 0.638 0.82 0.374 0.82 
0 0.368 0.8358333333333333 0.636 0.8358333333333333 0.636 0.9025 0.368 0.9025 
0 0.358 0.9175 0.644 0.9175 0.644 0.9908333333333333 0.358 0.9908333333333333 
