269.0 10.0 366.0 10.0 366.0 56.0 269.0 56.0 v0 0
274.8 60.4 360.8 59.6 361.2 105.6 275.2 106.4 v1 0
278.3 118.6 356.3 119.4 355.7 174.4 277.7 173.6 v2 0
275.3 174.0 353.1 180.2 348.7 235.0 270.9 228.8 v3 0
265.7 228.4 346.1 238.1 339.3 294.6 258.9 284.9 v4 0
258.4 286.8 341.1 293.4 336.6 350.2 253.9 343.6 v5 0
253.7 344.4 336.4 351.8 331.3 408.6 248.6 401.2 v6 0
248.9 400.1 334.3 410.4 327.1 469.9 241.7 459.6 v7 0
239.3 455.4 333.9 471.6 322.7 536.6 228.1 520.4 v8 0
226.6 516.1 329.7 535.9 317.0 602.0 213.9 582.2 v9 0
212.5 583.2 316.0 604.1 302.5 671.0 199.0 650.0 v10 0
191.4 658.0 309.7 679.6 296.0 755.0 177.7 733.5 v11 0
168.4 737.1 300.7 758.4 288.0 837.0 155.7 815.6 v12 0
153.6 818.3 284.4 834.1 274.8 913.8 144.0 898.0 v13 0
138.6 905.7 273.6 904.3 274.4 992.3 139.4 993.7 v14 0
133.2 999.9 282.6 986.4 290.8 1078.1 141.4 1091.6 v15 0
132.5 1097.1 299.7 1068.3 317.4 1171.0 150.1 1199.8 v16 0
