229.0 12.0 341.0 12.0 341.0 64.0 229.0 64.0 v0 0
239.7 64.7 327.7 67.3 326.3 114.3 238.3 111.7 v1 0
245.8 119.5 326.4 126.8 321.2 184.5 240.6 177.2 v2 0
237.6 175.1 326.0 193.0 312.4 259.9 224.0 242.0 v3 0
228.0 261.0 308.0 261.0 308.0 308.0 228.0 308.0 v4 0
227.0 319.0 306.0 319.0 306.0 369.0 227.0 369.0 v5 0
222.8 379.7 310.8 382.3 309.2 437.3 221.2 434.7 v6 0
216.6 442.1 308.6 443.9 307.4 499.9 215.4 498.1 v7 0
210.6 510.0 308.6 512.0 307.4 568.0 209.4 566.0 v8 0
206.8 569.8 313.5 578.4 308.2 645.2 201.5 636.6 v9 0
195.7 649.9 310.6 652.2 309.3 716.1 194.4 713.8 v10 0
193.3 728.2 310.3 725.8 311.7 796.8 194.7 799.2 v11 0
197.0 813.0 310.0 813.0 310.0 889.0 197.0 889.0 v12 0
197.6 902.6 317.5 907.4 314.4 986.4 194.5 981.6 v13 0
190.7 989.8 319.0 1002.7 310.3 1089.2 182.0 1076.3 v14 0
169.1 1087.0 315.0 1112.0 300.8 1195.0 154.8 1169.9 v15 0
