225.0 21.0 333.0 21.0 333.0 79.0 225.0 79.0 v0 0
233.0 76.0 332.0 72.0 334.0 122.0 235.0 126.0 v1 0
251.5 127.9 346.0 118.4 351.5 173.1 257.0 182.6 v2 0
254.6 184.2 356.2 176.0 361.4 240.8 259.8 249.0 v3 0
262.0 245.0 363.0 245.0 363.0 315.0 262.0 315.0 v4 0
265.0 320.0 361.0 320.0 361.0 388.0 265.0 388.0 v5 0
263.0 394.0 364.0 394.0 364.0 457.0 263.0 457.0 v6 0
262.0 459.7 362.4 470.7 355.0 538.3 254.6 527.3 v7 0
254.0 521.9 354.5 539.2 342.0 612.1 241.5 594.8 v8 0
241.9 590.2 350.3 608.8 338.1 679.8 229.7 661.2 v9 0
222.0 664.4 341.6 682.5 329.0 765.6 209.4 747.5 v10 0
209.4 745.8 348.8 768.3 335.0 854.0 195.5 831.5 v11 0
198.7 835.4 335.0 867.3 318.0 940.0 181.7 908.1 v12 0
183.4 915.4 319.1 940.1 306.0 1012.0 170.3 987.3 v13 0
168.7 986.8 316.0 1015.1 301.0 1093.0 153.8 1064.7 v14 0
152.6 1071.8 305.6 1104.4 288.0 1187.0 135.0 1154.4 v15 0
