207.8 26.1 318.3 16.1 323.2 69.9 212.7 79.9 v0 0
220.3 76.5 319.0 69.6 322.7 122.5 224.0 129.4 v1 0
232.0 128.4 326.8 121.8 331.0 182.6 236.2 189.2 v2 0
236.1 187.3 326.9 180.9 330.9 238.7 240.1 245.1 v3 0
236.0 248.0 330.0 248.0 330.0 316.0 236.0 316.0 v4 0
240.0 326.0 330.0 326.0 330.0 383.0 240.0 383.0 v5 0
245.2 391.2 337.1 394.9 334.8 453.8 242.9 450.1 v6 0
238.9 449.8 335.5 458.5 330.1 519.2 233.5 510.5 v7 0
232.5 514.7 330.1 523.6 323.5 596.3 225.9 587.4 v8 0
225.8 588.0 328.3 598.3 321.2 669.0 218.7 658.7 v9 0
215.0 669.3 329.0 672.7 327.0 740.7 213.0 737.3 v10 0
207.4 745.2 336.2 752.9 331.6 828.8 202.8 821.1 v11 0
206.9 817.3 342.7 842.1 327.1 927.7 191.3 902.9 v12 0
192.0 901.9 332.4 923.1 320.0 1005.1 179.6 983.9 v13 0
183.9 983.9 319.6 1003.0 307.1 1092.1 171.4 1073.0 v14 0
174.9 1078.9 311.9 1102.4 296.1 1194.1 159.1 1170.6 v15 0
