228.6 14.9 334.2 23.3 329.4 83.1 223.8 74.7 v0 0
219.7 68.3 326.0 80.1 319.3 140.7 213.0 128.9 v1 0
222.4 131.9 308.3 136.2 305.6 191.1 219.7 186.8 v2 0
220.4 191.9 308.4 190.1 309.6 248.1 221.6 249.9 v3 0
216.6 248.1 303.6 249.9 302.4 306.9 215.4 305.1 v4 0
217.0 313.0 310.0 313.0 310.0 366.0 217.0 366.0 v5 0
216.0 376.0 310.0 376.0 310.0 428.0 216.0 428.0 v6 0
216.0 440.0 308.0 440.0 308.0 494.0 216.0 494.0 v7 0
209.0 506.0 305.0 506.0 305.0 560.0 209.0 560.0 v8 0
204.0 570.0 307.0 570.0 307.0 630.0 204.0 630.0 v9 0
196.0 646.0 314.0 646.0 314.0 709.0 196.0 709.0 v10 0
186.9 715.6 315.6 724.6 310.1 803.4 181.4 794.4 v11 0
180.0 803.7 305.7 812.5 300.0 893.3 174.3 884.5 v12 0
170.2 898.0 302.2 902.0 299.8 983.0 167.8 979.0 v13 0
167.0 998.6 308.9 991.5 313.0 1073.4 171.1 1080.5 v14 0
165.9 1099.9 319.2 1084.5 328.1 1173.1 174.8 1188.5 v15 0
