229.9 15.5 344.6 24.7 341.1 68.5 226.4 59.3 v0 0
228.2 54.3 334.8 63.9 330.8 108.7 224.2 99.1 v1 0
230.2 100.6 327.1 105.5 324.8 150.4 227.9 145.5 v2 0
222.3 148.1 310.5 160.5 302.7 215.9 214.5 203.5 v3 0
211.5 201.3 299.4 215.5 289.5 276.7 201.6 262.5 v4 0
197.9 265.1 283.6 279.8 273.1 340.9 187.4 326.2 v5 0
192.1 327.4 269.8 341.6 258.9 401.6 181.2 387.4 v6 0
179.4 391.6 261.9 400.7 255.6 457.4 173.1 448.3 v7 0
169.3 460.6 259.3 461.5 258.7 516.4 168.7 515.5 v8 0
165.0 526.0 264.0 526.0 264.0 585.0 165.0 585.0 v9 0
165.0 594.0 264.0 594.0 264.0 656.0 165.0 656.0 v10 0
159.1 670.4 270.9 663.7 274.9 729.6 163.1 736.3 v11 0
153.2 751.1 276.9 733.7 287.8 810.9 164.1 828.3 v12 0
167.9 830.8 291.6 823.3 296.1 898.2 172.4 905.7 v13 0
172.5 920.7 304.1 911.5 309.5 988.3 177.9 997.5 v14 0
174.3 1005.4 316.2 1002.6 317.7 1078.6 175.8 1081.4 v15 0
166.8 1100.3 320.8 1095.7 323.2 1176.7 169.2 1181.3 v16 0
