153.5 17.1 262.5 14.9 263.5 66.9 154.5 69.1 v0 0
149.5 73.0 251.5 71.0 252.5 124.0 150.5 126.0 v1 0
150.0 129.0 248.0 129.0 248.0 184.0 150.0 184.0 v2 0
150.0 187.0 249.0 187.0 249.0 237.0 150.0 237.0 v3 0
146.0 246.0 252.0 246.0 252.0 296.0 146.0 296.0 v4 0
148.0 307.0 256.0 307.0 256.0 359.0 148.0 359.0 v5 0
152.7 366.7 257.5 361.4 260.3 417.3 155.5 422.6 v6 0
156.9 426.9 266.7 419.2 271.1 482.1 161.3 489.8 v7 0
161.2 493.4 271.0 486.8 274.8 550.6 165.0 557.2 v8 0
168.5 560.9 283.4 555.2 286.5 616.1 171.6 621.8 v9 0
171.0 627.1 302.5 615.2 309.0 686.9 177.5 698.8 v10 0
176.9 694.6 304.2 681.8 311.1 750.4 183.8 763.2 v11 0
193.7 760.0 333.3 750.2 338.3 822.0 198.7 831.8 v12 0
204.4 836.1 348.0 826.1 353.6 905.9 210.0 915.9 v13 0
213.0 928.0 354.0 928.0 354.0 994.0 213.0 994.0 v14 0
206.7 997.6 358.9 1012.9 350.3 1098.4 198.1 1083.1 v15 0
172.1 1083.2 359.2 1109.6 346.9 1196.8 159.8 1170.4 v16 0
