178.6 13.0 292.1 23.2 287.4 75.0 173.9 64.8 v0 0
174.7 59.7 283.3 68.5 278.3 130.3 169.7 121.5 v1 0
177.3 124.5 269.3 125.5 268.7 181.5 176.7 180.5 v2 0
175.2 179.3 262.1 182.8 259.8 241.7 172.9 238.2 v3 0
169.1 243.2 259.0 246.8 256.9 300.8 167.0 297.2 v4 0
167.7 298.1 257.3 306.2 252.3 360.9 162.7 352.8 v5 0
158.9 358.6 251.8 361.4 250.1 417.4 157.2 414.6 v6 0
154.0 421.0 259.0 421.0 259.0 478.0 154.0 478.0 v7 0
149.0 482.0 257.0 482.0 257.0 542.0 149.0 542.0 v8 0
143.1 548.6 259.9 541.6 263.9 608.4 147.1 615.4 v9 0
145.0 616.0 270.0 616.0 270.0 682.0 145.0 682.0 v10 0
145.0 691.0 270.0 691.0 270.0 758.0 145.0 758.0 v11 0
142.3 774.5 272.1 756.2 282.7 831.5 152.9 849.8 v12 0
150.0 860.2 277.8 831.7 295.0 908.8 167.2 937.3 v13 0
163.9 935.7 299.4 909.7 314.1 986.3 178.6 1012.3 v14 0
176.7 1018.2 323.4 982.3 344.3 1067.8 197.6 1103.7 v15 0
185.6 1107.4 345.2 1079.9 360.4 1168.6 200.8 1196.1 v16 0
