223.0 26.0 325.0 26.0 325.0 78.0 223.0 78.0 v0 0
230.0 82.0 316.0 82.0 316.0 133.0 230.0 133.0 v1 0
231.0 135.0 311.0 135.0 311.0 189.0 231.0 189.0 v2 0
234.0 196.0 310.0 196.0 310.0 249.0 234.0 249.0 v3 0
234.0 255.0 313.0 255.0 313.0 310.0 234.0 310.0 v4 0
233.0 316.0 313.0 316.0 313.0 371.0 233.0 371.0 v5 0
232.0 380.0 318.0 380.0 318.0 436.0 232.0 436.0 v6 0
231.3 441.6 321.3 442.5 320.7 500.4 230.7 499.5 v7 0
228.0 506.0 320.0 506.0 320.0 567.0 228.0 567.0 v8 0
226.0 574.0 324.0 574.0 324.0 638.0 226.0 638.0 v9 0
219.0 649.0 328.0 649.0 328.0 715.0 219.0 715.0 v10 0
212.0 723.0 331.8 729.0 328.0 805.0 208.2 799.0 v11 0
203.0 807.2 316.9 812.9 313.0 891.8 199.1 886.1 v12 0
191.1 891.6 315.6 902.8 307.9 988.4 183.4 977.2 v13 0
175.3 982.9 309.5 997.7 299.7 1087.1 165.5 1072.3 v14 0
175.2 1081.5 301.7 1092.9 293.8 1179.5 167.3 1168.1 v15 0
