183.9 14.4 278.6 5.8 283.1 55.6 188.4 64.2 v0 0
189.5 64.0 277.9 54.3 283.5 105.0 195.1 114.7 v1 0
197.4 113.0 282.2 107.1 285.6 156.0 200.8 161.9 v2 0
205.0 163.5 278.9 160.5 281.0 212.5 207.1 215.5 v3 0
202.8 217.5 277.8 214.5 280.2 274.5 205.2 277.5 v4 0
202.1 284.2 275.7 276.1 281.9 331.8 208.3 339.9 v5 0
198.7 345.9 279.6 332.9 289.3 393.1 208.4 406.1 v6 0
209.4 404.0 291.3 390.8 301.6 455.0 219.7 468.2 v7 0
217.0 467.1 300.6 451.9 312.0 514.9 228.4 530.1 v8 0
223.1 527.8 316.6 518.5 322.9 581.2 229.4 590.5 v9 0
230.0 591.0 320.0 591.0 320.0 652.0 230.0 652.0 v10 0
225.1 654.2 323.8 662.1 317.9 735.8 219.2 727.9 v11 0
213.0 727.7 321.9 743.1 311.0 820.3 202.1 804.9 v12 0
200.0 816.3 311.9 821.8 308.0 900.7 196.1 895.2 v13 0
193.0 909.0 309.0 909.0 309.0 988.0 193.0 988.0 v14 0
190.0 1000.0 310.0 1000.0 310.0 1085.0 190.0 1085.0 v15 0
181.5 1093.4 310.5 1094.6 309.5 1190.6 180.5 1189.4 v16 0
