0 0.5016 0.008 0.6894 0.010333333333333333 0.6864 0.052 0.49860000000000004 0.049666666666666665 
0 0.4942 0.05341666666666666 0.684 0.05658333333333334 0.6798 0.09991666666666667 0.49 0.09674999999999999 
0 0.48660000000000003 0.10125 0.664 0.10716666666666666 0.6554 0.15208333333333332 0.478 0.14616666666666667 
0 0.483 0.14041666666666666 0.6426000000000001 0.156 0.613 0.20875 0.45339999999999997 0.19316666666666668 
0 0.443 0.18933333333333333 0.6147999999999999 0.20533333333333334 0.585 0.26066666666666666 0.4132 0.2446666666666667 
0 0.4176 0.24058333333333332 0.594 0.2555 0.5664 0.3119166666666667 0.39 0.297 
0 0.3944 0.29375 0.5662 0.3053333333333333 0.5436 0.36375 0.3718 0.3521666666666667 
0 0.3742 0.35291666666666666 0.5478 0.35725 0.5398 0.41291666666666665 0.36619999999999997 0.40858333333333335 
0 0.356 0.4125 0.538 0.4125 0.538 0.4691666666666667 0.356 0.4691666666666667 
0 0.3552 0.475 0.551 0.47175 0.5568 0.5316666666666666 0.361 0.5349166666666666 
0 0.3496 0.5390833333333334 0.5606 0.5311666666666667 0.5744 0.5950833333333333 0.3634 0.603 
0 0.3498 0.608 0.5836 0.5943333333333334 0.6062000000000001 0.6611666666666667 0.37239999999999995 0.6748333333333333 
0 0.375 0.6758333333333333 0.6186 0.6615 0.643 0.7333333333333333 0.3994 0.7476666666666667 
0 0.414 0.7475 0.656 0.7475 0.656 0.8158333333333333 0.414 0.8158333333333333 
0 0.4034 0.8135833333333333 0.6668 0.8290833333333333 0.6414 0.9043333333333333 0.3778 0.8889166666666667 
0 0.3504 0.8809166666666666 0.6292000000000001 0.9168333333333334 0.5676 0.9999166666666668 0.2888 0.964 
