226.5 9.1 316.5 10.9 315.5 60.9 225.5 59.1 v0 0
222.1 57.5 315.7 66.8 309.9 124.5 216.3 115.2 v1 0
215.8 113.1 308.3 126.1 300.0 185.0 207.5 172.0 v2 0
210.0 168.9 295.4 187.1 282.0 250.0 196.6 231.8 v3 0
190.4 225.6 279.3 247.4 264.0 310.0 175.1 288.3 v4 0
176.9 289.7 260.0 304.0 249.1 367.3 166.0 353.0 v5 0
163.5 355.0 256.5 370.0 246.0 435.0 153.0 420.0 v6 0
153.9 423.5 243.6 430.7 238.1 498.5 148.4 491.3 v7 0
152.0 497.0 244.0 497.0 244.0 564.0 152.0 564.0 v8 0
155.6 571.0 255.5 567.0 258.4 638.0 158.5 642.0 v9 0
159.1 646.6 267.6 635.8 275.9 718.4 167.4 729.2 v10 0
165.6 733.2 284.4 710.4 301.4 798.8 182.6 821.6 v11 0
182.1 821.4 308.4 789.2 331.2 878.2 204.8 910.5 v12 0
207.8 908.8 335.2 888.3 349.2 975.2 221.8 995.7 v13 0
224.4 997.4 352.4 998.6 351.6 1083.6 223.6 1082.4 v14 0
205.0 1071.7 347.0 1102.0 327.1 1195.6 185.0 1165.3 v15 0
