249.6 8.8 327.6 11.2 326.4 51.2 248.4 48.8 v0 0
249.9 53.5 324.8 56.5 323.1 99.5 248.2 96.5 v1 0
247.3 98.0 316.0 104.2 311.7 152.0 243.0 145.8 v2 0
239.9 147.8 307.3 156.6 300.1 212.2 232.7 203.4 v3 0
234.3 215.1 302.8 223.3 296.7 273.9 228.2 265.7 v4 0
228.2 272.3 298.0 277.9 293.8 329.7 224.0 324.1 v5 0
220.3 331.6 292.3 332.4 291.7 387.4 219.7 386.6 v6 0
216.9 392.9 293.8 395.2 292.1 451.1 215.2 448.8 v7 0
212.0 455.0 295.0 455.0 295.0 516.0 212.0 516.0 v8 0
211.4 518.0 298.2 524.1 293.6 590.0 206.8 583.9 v9 0
206.6 591.4 299.3 598.8 294.4 660.6 201.7 653.2 v10 0
200.0 671.0 302.0 671.0 302.0 732.0 200.0 732.0 v11 0
202.0 750.0 310.0 750.0 310.0 818.0 202.0 818.0 v12 0
202.7 834.6 314.6 833.4 315.3 903.4 203.4 904.6 v13 0
200.5 920.6 321.4 925.4 318.5 998.4 197.6 993.6 v14 0
194.0 1012.8 322.9 1019.3 319.0 1097.2 190.1 1090.7 v15 0
175.1 1088.1 328.1 1094.2 324.0 1196.0 171.0 1189.9 v16 0
