219.0 11.0 308.0 11.0 308.0 60.0 219.0 60.0 v0 0
222.0 66.0 309.0 66.0 309.0 118.0 222.0 118.0 v1 0
225.7 121.7 304.5 126.4 301.3 180.3 222.5 175.6 v2 0
224.1 179.5 301.0 182.6 298.9 235.5 222.0 232.4 v3 0
218.0 233.3 295.8 238.8 292.0 293.7 214.2 288.2 v4 0
211.3 292.6 292.3 293.4 291.7 349.4 210.7 348.6 v5 0
207.3 351.6 292.3 352.4 291.7 408.4 206.7 407.6 v6 0
205.0 411.0 292.0 411.0 292.0 465.0 205.0 465.0 v7 0
201.0 466.0 295.0 466.0 295.0 526.0 201.0 526.0 v8 0
195.8 526.0 297.4 534.2 292.2 599.0 190.6 590.8 v9 0
188.7 594.8 295.4 603.4 290.3 667.2 183.6 658.6 v10 0
176.3 668.5 291.9 677.8 285.7 755.5 170.1 746.2 v11 0
161.8 752.7 287.7 755.3 286.2 831.3 160.3 828.7 v12 0
156.2 837.3 286.2 834.7 287.8 913.7 157.8 916.3 v13 0
153.5 926.0 293.6 910.5 303.5 1000.0 163.4 1015.5 v14 0
157.0 1022.4 307.5 995.0 324.3 1087.3 173.8 1114.7 v15 0
167.7 1107.6 335.0 1084.0 347.3 1171.4 180.0 1195.0 v16 0
