173.4 8.9 299.2 15.2 296.6 68.1 170.8 61.8 v0 0
183.9 64.7 279.6 71.4 276.1 121.3 180.4 114.6 v1 0
186.5 118.8 274.4 123.2 271.5 181.2 183.6 176.8 v2 0
178.9 179.7 264.9 182.3 263.1 241.3 177.1 238.7 v3 0
179.0 244.0 263.0 244.0 263.0 312.0 179.0 312.0 v4 0
176.7 323.1 264.3 315.2 269.3 370.9 181.7 378.8 v5 0
177.9 384.9 269.9 381.2 272.1 436.1 180.1 439.8 v6 0
181.0 448.9 274.9 445.1 277.0 499.1 183.1 502.9 v7 0
182.3 513.0 280.1 507.1 283.7 568.0 185.9 573.9 v8 0
184.2 583.6 288.2 580.5 289.8 634.4 185.8 637.5 v9 0
185.7 656.3 297.6 651.8 300.3 717.7 188.4 722.2 v10 0
189.0 738.5 306.5 727.8 313.0 800.5 195.5 811.2 v11 0
196.4 824.0 314.4 808.6 324.6 886.0 206.6 901.4 v12 0
207.0 908.0 327.0 908.0 327.0 981.0 207.0 981.0 v13 0
203.4 997.9 333.0 1008.3 326.6 1088.1 197.0 1077.7 v14 0
187.7 1085.9 330.7 1109.0 317.0 1194.0 174.0 1170.9 v15 0
