242.0 12.0 344.0 12.0 344.0 62.0 242.0 62.0 v0 0
251.6 61.4 339.4 66.7 336.4 117.6 248.6 112.3 v1 0
254.1 115.8 331.4 126.7 323.9 180.2 246.6 169.3 v2 0
242.3 178.1 322.9 186.2 316.7 248.9 236.1 240.8 v3 0
236.0 249.0 311.0 249.0 311.0 311.0 236.0 311.0 v4 0
232.0 320.0 310.0 320.0 310.0 370.0 232.0 370.0 v5 0
226.0 385.0 310.0 385.0 310.0 434.0 226.0 434.0 v6 0
222.0 449.0 310.0 449.0 310.0 502.0 222.0 502.0 v7 0
214.5 517.0 316.5 519.0 315.5 570.0 213.5 568.0 v8 0
205.2 582.9 311.1 587.1 308.8 646.1 202.9 641.9 v9 0
197.6 658.9 308.6 661.1 307.4 724.1 196.4 721.9 v10 0
196.1 736.6 309.9 743.5 305.9 811.4 192.1 804.5 v11 0
197.9 821.2 312.8 826.9 309.1 899.8 194.2 894.1 v12 0
193.5 905.4 314.3 912.7 309.5 991.6 188.7 984.3 v13 0
193.7 988.5 318.0 1008.6 304.3 1093.5 180.0 1073.4 v14 0
165.1 1083.7 308.1 1101.0 296.9 1194.3 153.9 1177.0 v15 0
