172.8 8.5 273.8 11.5 272.2 64.5 171.2 61.5 v0 0
171.5 66.1 265.5 67.9 264.5 118.9 170.5 117.1 v1 0
172.5 122.9 258.5 121.1 259.5 172.1 173.5 173.9 v2 0
177.1 180.6 257.0 177.4 258.9 226.4 179.0 229.6 v3 0
179.0 237.4 261.7 230.8 266.0 284.6 183.3 291.2 v4 0
181.0 292.7 264.9 289.3 267.0 342.3 183.1 345.7 v5 0
183.0 352.0 268.0 352.0 268.0 403.0 183.0 403.0 v6 0
181.0 409.0 271.0 409.0 271.0 464.0 181.0 464.0 v7 0
179.5 473.5 276.1 464.8 281.5 524.5 184.9 533.2 v8 0
187.0 536.0 283.6 526.3 290.0 590.0 193.4 599.7 v9 0
195.5 602.6 294.1 593.7 299.5 652.4 200.9 661.3 v10 0
198.5 669.5 308.1 660.7 313.5 728.5 203.9 737.3 v11 0
195.4 747.1 320.6 733.3 328.6 805.9 203.4 819.7 v12 0
207.2 822.2 331.2 819.8 332.8 898.8 208.8 901.2 v13 0
206.1 909.8 336.9 916.3 332.9 996.2 202.1 989.7 v14 0
194.8 992.8 335.8 1009.8 325.2 1098.2 184.2 1081.2 v15 0
179.9 1075.0 320.0 1100.4 303.1 1193.5 163.0 1168.0 v16 0
