151.0 9.0 241.0 9.0 241.0 65.0 151.0 65.0 v0 0
151.7 71.4 238.7 70.6 239.3 124.6 152.3 125.4 v1 0
154.6 129.8 237.2 122.4 242.4 180.2 159.8 187.6 v2 0
163.0 188.7 244.5 179.7 251.0 239.3 169.5 248.3 v3 0
167.5 245.1 251.4 240.9 254.5 302.9 170.6 307.1 v4 0
169.6 309.2 257.5 304.8 260.4 361.8 172.5 366.2 v5 0
173.8 372.5 259.5 365.7 264.2 424.5 178.5 431.3 v6 0
172.8 438.0 269.1 426.4 276.2 486.0 179.9 497.6 v7 0
183.8 500.6 279.7 486.1 289.2 548.4 193.3 562.9 v8 0
191.8 565.2 297.9 551.4 307.2 622.8 201.1 636.6 v9 0
202.7 631.4 318.3 620.9 325.3 698.6 209.7 709.1 v10 0
204.3 709.8 336.9 700.5 342.7 783.2 210.1 792.5 v11 0
217.2 790.3 348.1 787.7 349.8 872.7 218.9 875.3 v12 0
215.9 877.7 352.5 888.6 345.1 981.3 208.5 970.4 v13 0
203.5 966.2 351.3 996.1 330.0 1101.0 182.2 1071.0 v14 0
176.7 1060.4 326.1 1100.1 299.6 1199.6 150.2 1159.9 v15 0
